11713 Gram- crkve, 3171773113. ’

37173 017313 3373731133 3033033 37313311 111 731107, 1 10 g. 1385. 017313
373713113 1113311031 3311 Ε133711.

Crkvu sv. Katariue spominje 03073131 73313 Ρ3713, 3133 81733333
813711073, 7731131073 13331333, 0113733 7. 1377. 3731173313313173773-
0311073 1331013133111031333 (101313113331073, 107173 0307711173 37171
37313 Κ3137133 73 (1077311373 3313 0737037330311.“ 073 37170, 3131333
1 1177337, 7313133113 73 3 XVII. 71313 03331373 37173 37. 13137133.

Kapela 371. Jurja. Gradjan 73773031111733 031337 01111111 7. 1377.
3377311111 11773311 1371313 37. 711173 307711 7731131011 1331333113ᾱί 13113
0013311 33 177111 30373 37073 331333, 10307711 pred svjedoci‚ 33110·

· . 773111 11 3331 13 133313, 113 33 73 0077711370 117133 17 3737073 03137-

11133 7131113331 73373130 373073310 11133730.2

Do 37173 3373731173 73 737331οῑ

’ Groblje. U srednjem 713111 30133300 31717333 7371711010 373.
Η17310 33, da 031, 1071 33 011173117013 3737133 uda 1111737011 3737133
0137011311, 1 30 3111711 71031333 11103131 37371310 7301117311 1 171730.
0113331713713113110 113 011113 330133733 3 333107 37171. 031313 30107-
3113 30133303 010 37173. 51073 33 1 010 37313 301333313 37173 33-
137110 7700173. 07310 3137311333 7700173 0173113 17101333 1331011111 03177-
3313 bud bludom bud prolic'em 1171. 00137073 3331 73 37113103
0131033 737130311073 1371131133 1137013, G. 1331. 7317101103 333317333
ΧΧΙΙ. 01111111 da su 33 733073 3131113 33 33310 30 0131113171 731 iu
samom Zagrebu oskvrne crkvah, 3313033330 177001730 7170111331 1171
1101311031, 13 30110 73 01313313310 31131733, 113 ih 13013 17307133 013·
703107111 37311 37313311. 0707 130101 1111070171 3333, 3713113117ἐί 113
701111,10703113 33 031773313 1373313 303731111, mora 0137011071ῑί 0131113.8

Povrh toga 331371130 3 0710 11311330 33137131 10073137711113 00
0317731 7100173110 73 73713171330 13311711 13310131013 1773131013 00·
113013. 113113 7. 1396. 370731113133101311 1 judi 11 7101173173 77311310, 1710·
33131011 37173 37. Μ37737313 1 37. Μ371133 137173 17313331 30033313
10 1073111117, dh 111 sam 30101 113073113173 07333 33073 1711133131*

81117. Ν31133130 30133710 71331111 13113 73 03307333 71773 11013
3 7131131107 001131. Dok su obje 7371311131737310711177313, 301313οι1
7130733313 (1733313103117313311013 na 1133101111073 su 303107313 731
3713311013 x11. vieka. Kasnije 0737131313 001133 7377111013 7731131
3103731013 17707133 3713117333 01707111 u svojoj sredini 73731 737011 u‘
. 107313 31133 (1733331113111311, 3133111731113311. 073107 73731 737011

¹ Doc. 278. ’
21103. 269.
³Doc. 117.

⁴ Doc. 173, 39⁶.

 

