Barba opijacovini. LXXXV

111011. 10 00 001010 iztraga, 10 01001001 01 a. 1011010 g. 1311. 001011

110011 11000 1101100ος0, 10 10 0101010, veleb: 00110 00 gorko 1011 ·

kaptol 1011010111 00 0111100 101 10011011 0001110010 0110001100,
0100110 10 00 011011010101010 (1101011111011010110010000 01110,
0 1011111 0001 11101100, 10 10 0010 0116100 00 01111110110101011100
dac'e 01010 0010 1010 00 001 1 001010 10110 101011010101111011110001
1 110ςί011 101001, 0 01010 10 1110 0111101011 00 00010 10100101 101
1 10010 01010110 1 0001010110, 1011 11101010 001 mnogo 10110, toga radi
00101111011, §to 100 stvari, 000100011011, da 10 100010 1010 00-
1101100 1 0110100, 0010 ju 01111111 011001111011010101 daei i 1101 10
100110 1001010; 011101011 0010, 10101010011001001110100, 10 ga
10100010100 101100, 101 100010 0110001100 11 10110100 111 1010 00001,

0110 00110 111100 0110100 110301000001011101110110110οο; 000101 ’

00101100 1101010 0111100 mogu 100110001100 1 10 sebe 010100111011
110101 1 110110, 10 0001 00110010 110011, 10 ih 00100100 1 01110001
01110011 11 0101101111 0010011010, 100 10101101010010100,1011000001010
0 01111010 00110110,Ι

Prema 10010 010 00101100 10100000 10101010 111 010 010110 8110-
panja 001010 ban 0011010 2011011,0101000110001101011000110 010100110
1 1101110101 1000011011, gradjanstvo i puk, 000101010οε, 010110 001011101
010110011 01011000 1 011000100 01101110 0001011011111110101101.

Νο 101 001101, komu je 0101010100 0010 ban 1100 Baboneg,

poslale su obje 0110010 01010 00000060110 11010010110110110111 Α

01010110 1100οῑ 11011100, 01011101000 1011011010ςο 1 10000110 Gjuru;
101101 11010111 0111100 10010000 10 010110 1111101011 10100

Prvi 00101000 100101011 1100100101 10 0101110 1101010 0111100,
10 10 1101010100 0010010010 0010 1010 00 001 111101, 1 (10 10 01010-
10100110 0011110, 101 10 00 10010110 1010111001100110011, 1010 00 mu 01101111
0101011110111, 00 10 101101 1100100 001111011 101010 1010, 000 0111100,
0 toga mole sabor‚ da mu i tu 0010 1010100110.

Na 0111 111010 0111011 110101111110101110100, da 0011010110
1100100 0 1010 0110111011, 101 00 10100110 1101101010110100 110110 00·
mora ova 0111100 10 1101 0101 00010001 110010 0110101011, 00110
00100100 1110110.

Νο1010 Το10100 0 000111000011 1101010 0111100 01 1010011010ςο
0011010 001110 100010 ban, odgovoriv: da ako i bi ova 0116100 101010
10101011011010 010100, 1010111 101 govorilo 0 prilog tim, 110 111 00
u njem 1011001110 0000100011 1100010 11001 0 01010 010 0111100, 1010
0001101010 111110, 101 ,0 1010011011 111010101100000101111001101010010-

11100. 113.

 

